// Game: Generic
// Format: Standard
// entity 0
{
"classname" "worldspawn"
// brush 0
{
( -256 -96 -80 ) ( -256 -95 -80 ) ( -256 -96 -79 ) __TB_empty 0 0 0 1 1
( -80 -256 -80 ) ( -80 -256 -79 ) ( -79 -256 -80 ) __TB_empty 0 0 0 1 1
( -80 -96 -80 ) ( -79 -96 -80 ) ( -80 -95 -80 ) __TB_empty 0 0 0 1 1
( 96 80 -64 ) ( 96 81 -64 ) ( 97 80 -64 ) __TB_empty 0 0 0 1 1
( 96 256 -64 ) ( 97 256 -64 ) ( 96 256 -63 ) __TB_empty 0 0 0 1 1
( 256 80 -64 ) ( 256 80 -63 ) ( 256 81 -64 ) __TB_empty 0 0 0 1 1
}
// brush 1
{
( -64 -592 -80 ) ( -64 -591 -80 ) ( -64 -592 -79 ) __TB_empty 0 0 0 1 1
( -64 -592 -80 ) ( -64 -592 -79 ) ( -63 -592 -80 ) __TB_empty 0 0 0 1 1
( -64 -592 -80 ) ( -63 -592 -80 ) ( -64 -591 -80 ) __TB_empty 0 0 0 1 1
( 64 -256 -64 ) ( 64 -255 -64 ) ( 65 -256 -64 ) __TB_empty 0 0 0 1 1
( 64 -256 -64 ) ( 65 -256 -64 ) ( 64 -256 -63 ) __TB_empty 0 0 0 1 1
( 64 -256 -64 ) ( 64 -256 -63 ) ( 64 -255 -64 ) __TB_empty 0 0 0 1 1
}
// brush 2
{
( -144 -32 96 ) ( -144 32 -64 ) ( -144 32 96 ) __TB_empty 0 0 0 1 1
( -112 -96 96 ) ( -144 -32 -64 ) ( -144 -32 96 ) __TB_empty 0 0 0 1 1
( -112 96 96 ) ( -144 32 -64 ) ( -112 96 -64 ) __TB_empty 0 0 0 1 1
( -48 -160 96 ) ( -112 -96 -64 ) ( -112 -96 96 ) __TB_empty 0 0 0 1 1
( -48 160 96 ) ( -112 96 -64 ) ( -48 160 -64 ) __TB_empty 0 0 0 1 1
( 0 -176 96 ) ( -48 -160 -64 ) ( -48 -160 96 ) __TB_empty 0 0 0 1 1
( 0 176 96 ) ( -48 160 -64 ) ( 0 176 -64 ) __TB_empty 0 0 0 1 1
( 144 32 -64 ) ( 112 -96 -64 ) ( 144 -32 -64 ) __TB_empty 0 0 0 1 1
( 144 32 96 ) ( 48 160 96 ) ( 112 96 96 ) __TB_empty 0 0 0 1 1
( 48 -160 96 ) ( 0 -176 -64 ) ( 0 -176 96 ) __TB_empty 0 0 0 1 1
( 48 160 96 ) ( 0 176 -64 ) ( 48 160 -64 ) __TB_empty 0 0 0 1 1
( 112 -96 96 ) ( 48 -160 -64 ) ( 48 -160 96 ) __TB_empty 0 0 0 1 1
( 112 96 96 ) ( 48 160 -64 ) ( 112 96 -64 ) __TB_empty 0 0 0 1 1
( 144 -32 96 ) ( 112 -96 -64 ) ( 112 -96 96 ) __TB_empty 0 0 0 1 1
( 144 32 96 ) ( 112 96 -64 ) ( 144 32 -64 ) __TB_empty 0 0 0 1 1
( 144 32 96 ) ( 144 -32 -64 ) ( 144 -32 96 ) __TB_empty 0 0 0 1 1
}
// brush 3
{
( -96 -23.27272727272727 96 ) ( -96 23.27272727272727 -24 ) ( -96 23.27272727272727 96 ) __TB_empty 0 0 0 1 1
( -74.66666666666666 -69.81818181818181 96 ) ( -96 -23.27272727272727 -24 ) ( -96 -23.27272727272727 96 ) __TB_empty 0 0 0 1 1
( -74.66666666666666 69.81818181818181 96 ) ( -96 23.27272727272727 -24 ) ( -74.66666666666666 69.81818181818181 -24 ) __TB_empty 0 0 0 1 1
( -32 -116.36363636363636 96 ) ( -74.66666666666666 -69.81818181818181 -24 ) ( -74.66666666666666 -69.81818181818181 96 ) __TB_empty 0 0 0 1 1
( -32 116.36363636363636 96 ) ( -74.66666666666666 69.81818181818181 -24 ) ( -32 116.36363636363636 -24 ) __TB_empty 0 0 0 1 1
( 0 -128 96 ) ( -32 -116.36363636363636 -24 ) ( -32 -116.36363636363636 96 ) __TB_empty 0 0 0 1 1
( 0 128 96 ) ( -32 116.36363636363636 -24 ) ( 0 128 -24 ) __TB_empty 0 0 0 1 1
( 96 23.27272727272727 96 ) ( 74.66666666666666 69.81818181818181 96 ) ( 32 116.36363636363636 96 ) __TB_empty 0 0 0 1 1
( 96 23.27272727272727 240 ) ( 32 116.36363636363636 240 ) ( 74.66666666666666 69.81818181818181 240 ) __TB_empty 0 0 0 1 1
( 32 -116.36363636363636 96 ) ( 0 -128 -24 ) ( 0 -128 96 ) __TB_empty 0 0 0 1 1
( 32 116.36363636363636 96 ) ( 0 128 -24 ) ( 32 116.36363636363636 -24 ) __TB_empty 0 0 0 1 1
( 74.66666666666666 -69.81818181818181 96 ) ( 32 -116.36363636363636 -24 ) ( 32 -116.36363636363636 96 ) __TB_empty 0 0 0 1 1
( 74.66666666666666 69.81818181818181 96 ) ( 32 116.36363636363636 -24 ) ( 74.66666666666666 69.81818181818181 -24 ) __TB_empty 0 0 0 1 1
( 96 -23.27272727272727 96 ) ( 74.66666666666666 -69.81818181818181 -24 ) ( 74.66666666666666 -69.81818181818181 96 ) __TB_empty 0 0 0 1 1
( 96 23.27272727272727 96 ) ( 74.66666666666666 69.81818181818181 -24 ) ( 96 23.27272727272727 -24 ) __TB_empty 0 0 0 1 1
( 96 23.27272727272727 96 ) ( 96 -23.27272727272727 -24 ) ( 96 -23.27272727272727 96 ) __TB_empty 0 0 0 1 1
}
// brush 4
{
( -48 -14.545454545454533 240 ) ( -48 14.545454545454533 120 ) ( -48 14.545454545454533 240 ) __TB_empty 0 0 0 1 1
( -37.33333333333333 -43.63636363636363 240 ) ( -48 -14.545454545454533 120 ) ( -48 -14.545454545454533 240 ) __TB_empty 0 0 0 1 1
( -37.33333333333333 43.63636363636363 240 ) ( -48 14.545454545454533 120 ) ( -37.33333333333333 43.63636363636363 120 ) __TB_empty 0 0 0 1 1
( -16 -72.72727272727273 240 ) ( -37.33333333333333 -43.63636363636363 120 ) ( -37.33333333333333 -43.63636363636363 240 ) __TB_empty 0 0 0 1 1
( -16 72.72727272727273 240 ) ( -37.33333333333333 43.63636363636363 120 ) ( -16 72.72727272727273 120 ) __TB_empty 0 0 0 1 1
( 0 -80 240 ) ( -16 -72.72727272727273 120 ) ( -16 -72.72727272727273 240 ) __TB_empty 0 0 0 1 1
( 0 80 240 ) ( -16 72.72727272727273 120 ) ( 0 80 120 ) __TB_empty 0 0 0 1 1
( 48 14.545454545454533 240 ) ( 37.33333333333333 43.63636363636363 240 ) ( 16 72.72727272727273 240 ) __TB_empty 0 0 0 1 1
( 48 14.545454545454533 384 ) ( 16 72.72727272727273 384 ) ( 37.33333333333333 43.63636363636363 384 ) __TB_empty 0 0 0 1 1
( 16 -72.72727272727273 240 ) ( 0 -80 120 ) ( 0 -80 240 ) __TB_empty 0 0 0 1 1
( 16 72.72727272727273 240 ) ( 0 80 120 ) ( 16 72.72727272727273 120 ) __TB_empty 0 0 0 1 1
( 37.33333333333333 -43.63636363636363 240 ) ( 16 -72.72727272727273 120 ) ( 16 -72.72727272727273 240 ) __TB_empty 0 0 0 1 1
( 37.33333333333333 43.63636363636363 240 ) ( 16 72.72727272727273 120 ) ( 37.33333333333333 43.63636363636363 120 ) __TB_empty 0 0 0 1 1
( 48 -14.545454545454533 240 ) ( 37.33333333333333 -43.63636363636363 120 ) ( 37.33333333333333 -43.63636363636363 240 ) __TB_empty 0 0 0 1 1
( 48 14.545454545454533 240 ) ( 37.33333333333333 43.63636363636363 120 ) ( 48 14.545454545454533 120 ) __TB_empty 0 0 0 1 1
( 48 14.545454545454533 240 ) ( 48 -14.545454545454533 120 ) ( 48 -14.545454545454533 240 ) __TB_empty 0 0 0 1 1
}
}
